4194956
4195228
4195320
4195408
4195456
4195524
4195568
4195600
4195660
4195680
4195748
4195752
4195916
4195940
4196000
4196032
4196064
4196088
4196100
4196132
4196148
4196292
4196328
4196344
4196360
4196396
4196548
4196588
4196632
4196668
4196760
4196784
4196804
4196848
4196860
4196868
4196928
4196932
4196956
4197016
4197076
4197080
4197108
4197140
4197220
4197244
4197332
4197344
4197592
4197648
4198080
4198112
4198152
4198244
4198432
4198456
4198472
4198532
4198560
4198592
4198600
4198604
4198624
4198628
4198688
4198708
4198800
4198848
4198892
4198928
4199172
4199192
4199280
4199336
4199352
4199368
4199452
4199500
4199656
4199668
4199792
4199888
4200036
4200160
4200304
4200552
4200584
4200772
4200836
4200880
4200924
4200948
4201004
4201032
4201056
4201140
4201468
4201508
4201692
4201704
4201724
4201744
4201908
4201928
4201980
4202036
4202152
4202400
4202460
4202576
4202608
4202628
4202720
4202740
4202764
4202920
4202944
4202972
4203000
4203164
4203200
4203232
4203244
4203344
4203368
4203552
4203752
4203832
4203860
4203876
4203892
4203908
4203944
4203964
4203976
4204084
4204144
4204156
4208356
4208408
4208564
4208580
4208592
4208604
4208616
4208636
4208664
4208704
4208752
4208808
4208820
4208880
4208896
4208904
4209072
4209100
4209152
4209172
4209228
4209436
4209456
4209624
4209648
4209664
4209672
4209816
4209832
4209908
4210452
4210676
4210720
4210748
4210796
4210840
4210904
4211656
4211772
4212184
4212204
4212388
4212612
4212728
4213792
4213948
4213992
4214064
4214080
4214160
4214196
4214268
4214288
4214460
4214480
4214568
4214604
4214676
4214784
4214892
4214900
4215200
4215276
4215400
4215480
4215500
4215536
4215564
4215600
4215612
4215628
4215652
4215672
4215708
4215744
4215804
4215840
4215968
4216008
4216040
4216128
4216232
4216416
4216464
4216496
4216544
4216588
4216616
4216644
4216672
4216692
4216744
4216780
4216912
4217040
4217100
4217560
4217588
4217648
4217792
4217800
4217808
4217916
4217952
4218008
4218384
4218552
4218572
4218604
4218636
4218892
4219004
4219092
4219288
4219336
4219364
4219388
4219848
4219916
4219936
4220032
4220064
4220144
4220392
4220716
4220960
4221032
4221056
4221132
4221276
4221348
4221432
4221468
4221508
4221544
4221600
4221932
4221940
4222056
4222184
4222240
4222284
4222320
4222356
4222368
4222416
4222492
4222624
4222680
4223024
4223060
4223084
4223116
4223168
4223312
4223328
4223332
4223396
4223592
4223672
4223748
4223832
4223928
4224836
4225024
4225140
4225788
4225820
4225956
4225988
4226228
4226252
4226488
4226588
4226604
4226620
4226656
4226688
4226804
4226868
4226960
4227040
4227076
4227132
4227236
4227268
4227336
4227600
4227632
4227700
4227752
4227912
4228312
4228888
4228988
4229164
4229284
4229304
4229548
4229788
4229908
4229988
4230292
4230368
4230388
4230480
4230580
4230640
4231076
4231132
4231280
4231328
4231396
4231484
4231540
4231716
4231824
4232160
4232240
4232336
4232360
4232396
4232564
4232608
4232680
4232784
4232852
4233156
4233380
4233768
4233872
4233904
4233992
4234104
4234276
4234292
4234348
4234412
4234428
4234464
4234532
4234572
4234676
4234708
4234756
4234804
4234816
4234828
4234844
4234892
4234936
4235004
4235044
4235076
4235100
4235124
4235148
4235240
4235280
4235312
4235336
4235360
4235384
4235428
4235456
4235512
4235520
4235568
4235600
4235612
4235628
4235680
4235712
4235744
4235776
4235808
4236012
4236100
4236564
4236732
4236808
4237000
4237040
4237120
4237184
4237272
4237372
4237416
4237488
4237608
4237676
4237892
4237988
4238304
4238616
4238772
4239132
4239196
4239608
4239676
4240488
4240764
4240824
4240896
4241128
4241340
4241408
4241436
4241528
4241580
4241712
4241784
4241796
4241860
4242284
4242392
4242580
4242764
4243264
4243352
4243540
4243652
4243792
4243808
4243840
4243992
4244048
4244156
4244188
4244252
4244320
4244424
4244488
4244548
4244752
4244800
4244964
4245048
4245092
4245132
4245176
4245452
4245676
4245708
4245740
4245836
4245848
4245900
4245988
4246016
4246104
4246168
4246200
4246232
4246392
4246500
4246784
4246796
4246804
4247412
4247704
4248036
4248176
4248244
4248352
4248508
4248704
4248892
4248920
4249020
4249128
4249160
4249204
4249232
4249280
4249292
4249300
4249432
4249556
4249700
4249732
4249976
4250124
4250136
4250336
4250396
4250404
4250476
4250504
4250536
4250544
4250632
4250664
4250672
4250760
4250908
4251016
4251024
4251112
4251224
4251268
4251288
4251308
4251412
4251424
4251620
4251664
4251684
4251824
4251856
4251868
4251904
4252100
4252272
4252292
4252316
4252404
4252620
4252696
4252792
4252884
4252908
4252932
4253352
4253396
4253432
4253476
4253592
4253656
4253700
4253720
4253764
4253784
4253888
4253996
4254004
4254040
4254056
4254140
4254204
4254276
4254416
4254520
4254616
4254656
4254772
4254832
4254904
4254988
4255008
4255064
4255132
4255184
4255220
4255428
4255492
4255692
4255768
4255860
4256060
4256104
4256136
4256148
4256160
4256172
4256224
4256244
4256284
4256320
4256328
4256360
4256396
4256436
4256460
4256648
4256768
4256808
4256828
4256896
4257056
4257080
4257332
4257396
4257596
4257772
4257832
4257904
4257920
4257928
4258004
4258096
4258140
4258216
4258300
4258352
4258392
4258464
4258660
4258764
4258800
4258984
4259092
4259124
4259156
4259268
4259304
4259416
4259524
4259560
4259672
4259888
4259924
4259988
4260060
4260100
4260132
4260200
4260244
4260264
4260272
4260344
4260372
4260380
4260432
4260576
4260720
4260956
4260996
4261036
4261132
4261136
4261140
4261184
4261228
4261316
4261488
4261520
4261572
4261656
4261824
4261976
4262016
4262032
4262040
4262360
4262412
4262628
4262644
4262664
4262704
4262748
4262756
4262888
4262916
4263028
4263064
4263180
4263224
4263344
4263376
4263392
4263432
4263488
4263652
4263808
4263836
4263856
4263872
4263896
4264000
4264020
4264084
4264144
4264220
4264324
4264408
4264448
4264560
4264624
4264740
4264760
4264824
4264880
4264916
4265084
4265280
4265404
4265492
4265504
4265528
4265536
4265544
4265552
4265588
4265612
4265700
4265760
4265868
4265956
4265968
4266016
4266088
4266100
4266284
4266364
4266400
4266444
4266464
4266528
4266596
4266616
4266632
4266776
4266920
4267008
4267124
4267264
4267392
4267508
4267540
4267612
4267692
4267756
4267824
4267932
4267948
4268000
4268032
4268044
4268188
4268264
4268304
4268392
4268452
4268488
4268508
4268544
4268564
4268652
4268672
4268684
4268920
4268944
4268968
4268980
4269000
4269224
4269444
4269456
4269620
4269628
4269688
4269716
4269756
4269788
4269852
4269908
4269940
4269948
4270188
4270240
4270292
4270312
4270352
4270492
4270568
4270616
4270672
4270872
4270904
4270920
4270980
4271004
4271044
4271056
4271920
4271928
4271944
4272512
4272520
4272532
4272756
4272852
4272920
4273040
4273200
4273280
4273324
4273360
4273496
4273576
4273628
4273672
4273772
4273892
4273984
4273996
4274072
4274112
4274260
4274336
4274384
4274480
4274604
4274708
4274812
4274948
4274960
4274972
4275072
4275128
4275196
4275392
4275432
4275484
4275632
4275676
4275788
4275844
4275976
4276000
4276408
4276588
4276716
4276732
4276744
4276796
4277112
4277144
4277364
4277388
4277444
4277508
4277552
4277944
4278168
4278176
4278184
4278192
4278312
4278740
4278844
4278880
4278888
4278976
4279224
4279540
4279564
4279572
4279592
4279612
4279932
4279956
4279964
4279992
4280084
4280228
4280292
4280784
4280816
4280956
4281028
4281052
4281124
4281220
4282960
4282976
4282980
4283020
4283132
4283252
4283320
4283340
4283436
4283468
4283516
4283548
4283564
4283744
4283776
4283912
4284084
4284124
4284156
4284188
4284272
4284292
4284312
4284332
4284352
4284372
4284392
4284412
4284432
4284452
4284472
4284492
4284512
4284556
4284600
4284780
4284800
4284812
4285024
4285116
4285132
4285144
4285752
4285852
4285860
4285872
4285984
4286044
4286072
4286368
4286376
4286412
4286432
4286500
4286532
4286536
4286720
4287020
4287552
4287632
4287696
4287712
4287804
4287996
4288024
4288064
4288072
4288164
4288220
4288248
4288308
4288836
4289016
4289024
4289068
4289080
4289180
4289260
4289332
4289688
4289720
4289764
4289776
4289792
4289908
4289996
4290008
4290040
4290052
4290064
4290088
4290132
4290176
4290192
4290204
4290228
4290280
4290316
4290352
4290360
4290392
4290424
4290456
4290488
4290520
4290552
4291028
4291236
4291504
4291716
4291776
4291860
4292036
4292172
4292204
4292236
4292268
4292312
4292344
4292400
4292444
4292512
4292544
4292576
4292588
4292616
4293140
4293980
4294036
4294068
4294096
4294492
4294632
4294796
4294920
4294948
4295072
4295216
4295232
4295284
4295484
4295564
4295576
4295712
4295772
4295904
4295916
4295948
4295980
4295992
4296024
4296036
4296108
4296124
4296176
4296320
4296396
4296408
4296436
4296448
4296532
4296600
4296764
4296904
4297072
4297232
4297252
4297412
4297492
4297528
4297632
4297676
4297820
4298024
4298048
4298076
4298092
4298108
4298120
4298232
4298264
4298380
4298496
4298512
4298532
4298596
4298680
4298692
4298712
4298720
4298736
4298748
4298764
4298796
4298840
4298852
4299004
4299016
4299536
4299608
4299732
4299748
4299772
4299784
4300004
4300036
4300060
4300072
4300136
4300248
4300436
4300456
4300480
4300496
4300700
4300736
4300752
4300808
4300860
4301096
4301208
4301236
4301384
4301444
4301612
4301728
4301800
4301820
4301828
4301912
4301960
4302004
4302052
4302144
4302196
4302216
4302232
4302252
4302268
4302324
4302436
4302560
4302724
4302952
4302964
4303096
4303236
4303264
4303280
4303396
4303432
4303464
4303568
4303768
4303912
4304012
4304044
4304052
4304060
4304308
4304436
4304568
4304576
4304584
4304788
4304804
4304820
4304836
4304928
4304948
4304968
4304988
4305008
4305108
4305116
4305124
4305216
4305476
4305516
4305748
4305840
4305868
4305884
4305916
4306004
4306048
4306068
4306100
4306212
4306220
4306284
4307608
4307620
4307644
4307656
4307800
4307872
4307880
4307908
4307932
4307992
4308000
4308028
4308052
4308108
4308128
4309524
4309604
4310016
4310240
4310308
4310348
4310364
4310392
4310440
4310632
4310668
4310932
4311796
4312664
4319000
4319036
4319104
4319144
4319256
4319280
4319312
4319524
4319552
4319588
4319768
4319844
4319880
4319964
4319988
4320020
4320052
4320084
4320116
4320152
4320220
4320228
4320308
4320364
4320384
4320476
4320688
4320712
4320832
4320956
4320980
4320988
4321240
4321252
4321280
4321324
4321348
4321408
4321616
4321632
4321668
4321804
4321928
4321996
4322032
4322128
4322164
4322196
4322228
4322260
4322496
4322680
4322728
4322752
4322832
4322852
4322880
4323068
4323096
4323116
4323124
4323216
4323224
4323232
4323244
4323268
4323304
4323380
4323432
4323736
4323780
4323836
4323932
4323976
4324140
4324184
4324372
4324400
4324612
4324648
4324740
4324764
4324780
4324800
4324828
4324916
4324952
4325004
4325096
4325124
4325184
4325248
4325304
4325340
4325452
4325500
4325516
4325616
4325640
4325660
4325696
4325744
4325764
4325820
4325864
4325904
4326180
4326248
4326280
4326472
4326664
4326964
4327004
4327092
4327140
4327192
4327448
4327476
4327552
4327568
4327640
4327668
4327744
4327760
4327816
4327836
4327852
4327860
4328420
4328456
4328496
4328564
4328736
4328940
4329144
4329336
4329656
4329828
4329868
4330084
4330208
4330272
4330412
4330508
4330548
4330584
4330640
4330668
4330780
4330808
4330960
4331032
4331068
4331112
4331216
4331244
4331296
4331320
4331416
4331440
4331460
4331540
4331592
4331624
4331636
4331684
4331720
4331780
4331820
4331832
4331880
4331900
4331944
4331984
4332024
4332064
4332136
4332312
4332344
4332572
4332652
4332676
4332728
4332872
4332880
4333020
4333044
4333088
4333420
4333444
4333460
4333872
4333912
4334296
4334656
4334664
4335680
4335728
4335808
4336724
4336792
4336804
4336820
4336848
4336964
4337108
4337248
4337316
4337320
4337356
4337400
4337444
4337488
4337584
4337596
4337644
4337672
4337760
4337784
4338204
4338420
4338464
4338480
4338488
4338520
4338552
4338596
4338604
4338640
4338648
4338764
4338952
4338980
4338992
4339132
4339148
4339208
4339324
4339340
4339376
4339392
4339468
4339548
4339640
4339720
4339772
4339864
4339896
4339996
4340060
4340212
4340224
4340308
4340324
4340396
4340420
4340440
4340544
4340624
4340640
4340664
4340676
4340900
4340936
4341004
4341060
4341160
4341192
4341244
4341260
4341336
4341480
4341488
4341496
4341552
4341688
4341776
4341828
4341836
4341908
4341952
4342052
4342176
4342304
4342340
4342380
4342472
4342508
4342580
4342616
4342908
4342936
4343004
4343016
4343096
4343112
4343128
4343164
4343176
4343212
4343288
4343344
4343380
4343392
4343400
4343492
4343548
4343560
4343568
4343612
4343660
4343688
4343696
4343704
4343784
4343804
4343856
4343872
4343960
4344000
4344032
4344056
4344124
4344184
4344244
4344284
4344332
4344496
4344516
4344620
4344640
4344684
4344696
4344784
4344808
4344856
4344992
4345076
4345132
4345144
4345168
4345232
4345268
4345324
4345380
4345400
4345480
4345532
4345660
4345740
4345788
4345792
4345824
4345900
4345932
4345960
4346148
4346572
4346720
4346800
4346832
4346860
4346888
4346904
4346940
4346968
4347024
4347036
4347076
4347104
4347140
4347272
4347340
4347472
4347516
4347580
4347604
4347736
4347744
4347840
4347860
4347892
4347908
4347928
4347948
4348240
4348264
4348316
4348340
4348424
4348512
4348560
4349160
4349192
4349596
4349632
4349668
4349836
4349844
4349892
4349928
4349960
4350480
4350512
4351108
4351144
4351196
4351364
4351412
4351444
4351448
4351480
4351736
4351824
4351856
4352204
4352368
4352400
4352448
4352608
4352624
4352656
4352688
4352744
4353168
4353204
4353856
4353892
4353944
4354096
4354128
4354160
4354164
4354196
4354236
4354620
4354656
4354980
4355104
4355140
4355240
4355276
4355308
4355984
4356016
4356556
4356708
4356740
4356844
4356900
4357136
4357276
4357500
4357532
4357564
4357596
4357628
4357660
4357664
4357696
4357728
4358100
4358132
4358836
4359040
4359076
4359140
4359408
4359892
4359988
4360204
4360276
4360308
4360356
4360388
4360420
4360452
4360456
4360488
4360988
4361024
4362000
4362100
4362136
4362828
4362860
4362928
4363100
4363132
4363164
4363192
4363224
4364020
4364056
4364648
4364684
4364760
4364980
4364984
4365016
4365048
4365080
4365112
4365152
4365824
4365856
4366436
4366552
4366584
4366676
4367124
4367288
4367500
4367556
4367588
4367624
4367656
4367664
4367696
4367728
4367760
4367792
4368428
4368464
4368964
4369128
4369164
4369436
4369440
4369472
4369504
4369536
4369568
4369608
4370288
4370320
4370900
4371016
4371048
4371140
4371584
4371748
4371960
4372016
4372048
4372084
4372116
4372124
4372156
4372188
4372220
4372252
4372872
4372908
4373228
4373264
4373448
4373508
4373564
4373752
4373764
4373852
4373864
4373872
4373944
4373952
4374028
4374092
4374124
4374152
4374208
4374228
4374392
4374424
4374440
4374464
4374516
4374532
4374576
4374644
4374660
4374720
4374760
4374860
4374972
4375104
4375204
4375288
4375380
4375460
4375476
4375632
4375684
4375812
4375840
4375868
4375888
4375908
4375936
4376116
4376156
4376212
4376260
4376280
4376304
4376328
4376476
4376488
4376512
4376544
4376580
4376596
4376640
4376764
4376808
4376880
4376900
4376944
4377024
4377036
4377128
4377296
4377392
4377492
4377548
4377568
4377608
4377648
4377692
4377752
4377780
4377880
4377936
4378024
4378076
4378084
4378120
4378148
4378260
4378292
4378312
4378412
4378456
4378516
4378568
4378620
4378760
4378820
4378844
4378936
4379300
4379320
4379332
4379368
4379428
4379456
4379560
4379608
4379656
4379716
4379744
4379776
4379796
4379876
4379900
4379992
4380060
4380140
4380152
4380232
4380300
4380344
4380408
4380428
4380532
4380628
4380640
4380696
4380712
4380760
4380804
4380836
4381080
4381252
4381624
4381708
4381736
4381800
4381820
4381840
4381936
4381992
4382012
4382032
4382044
4382056
4382156
4382224
4382236
4382260
4382280
4382296
4382320
4382328
4382356
4382380
4382400
4382424
4382504
4382532
4382640
4382692
4382864
4382992
4383008
4383092
4383180
4383228
4383248
4383268
4383288
4383300
4383396
4383408
4383420
4383428
4383460
4383500
4383580
4383600
4383608
4383620
4383656
4383660
4384380
4384600
4384620
4384648
4384676
4384824
4384932
4385352
4385480
4385552
4385648
4385700
4385736
4385924
4385968
4385992
4386084
4386104
4386124
4386144
4386164
4386184
4386228
4386248
4386268
4386288
4386312
4386404
4386456
4386592
4386616
4386696
4386796
4387004
4387084
4388020
4388208
4388552
4388640
4388720
4388784
4388892
4389076
4389092
4389108
4389144
4389176
4389292
4389356
4389448
4389528
4389564
4389620
4389860
4389892
4389920
4390200
4390632
4390712
4390856
4390920
4390960
4391420
4391500
4391528
4391760
4391788
4392132
4392200
4392360
4392476
4392568
4392624
4392704
4392988
4393036
4393508
4393532
4393728
4393824
4393904
4394184
4394196
4394216
4394396
4394428
4394436
4394500
4394696
4394800
4394976
4395436
4395464
4395516
4395704
4396084
4396116
4396180
4396244
4396356
4396400
4396572
4396616
4396688
4396732
4396756
4396940
4396980
4397036
4397044
4397068
4397112
4397280
4397296
4397308
4397320
4397348
4397364
4397436
4397464
4397508
4397536
4397564
4397580
4397616
4397644
4397884
4397924
4397952
4397980
4398024
4398044
4398108
4398344
4398404
4398628
4398668
4398704
4398752
4398932
4399352
4399872
4400036
4400476
4400744
4400956
4401136
4401308
4401548
4401756
4401804
4401908
4402112
4402200
4402336
4402380
4402404
4402416
4402568
4402712
4402744
4402860
4402916
4402956
4403004
4403068
4403324
4403352
4403376
4403404
4403452
4403524
4403552
4403604
4403636
4403664
4403708
4403792
4403828
4403860
4403896
4403936
4403964
4404024
4404064
4404092
4404144
4404184
4404192
4404368
4404436
4404516
4404536
4405172
4405232
4405396
4405428
4405772
4405936
4406040
4406056
4406072
4406108
4406136
4406256
4406376
4406476
4406516
4406584
4406872
4406904
4406956
4407008
4407156
4407528
4408232
4408400
4408516
4408536
4408780
4409004
4409404
4409480
4409536
4409996
4410128
4410216
4410304
4410380
4410444
4410480
4410596
4410692
4410752
4411136
4411164
4411200
4411356
4411388
4411452
4411552
4411584
4412004
4412060
4412128
4412404
4412488
4412524
4412716
4412948
4413360
4413440
4413496
4413768
4413916
4413968
4414016
4414068
4414100
4414164
4414216
4414236
4414272
4414312
4414336
4414356
4414372
4414400
4414436
4414488
4414588
4414640
4414792
4414812
4414848
4414924
4414948
4414980
4415004
4415076
4415136
4415152
4415184
4415224
4415256
4415284
4415340
4415352
4415384
4415416
4415556
4415588
4415652
4415740
4416172
4416340
4416416
4416608
4416672
4416784
4416964
4417012
4417136
4417176
4417296
4417376
4417484
4417556
4418140
4418204
4418392
4418568
4419152
4419300
4419660
4420484
4420544
4420628
4421092
4421196
4421336
4421408
4421444
4421580
4421732
4421748
4421800
4422080
4422148
4422432
4422708
4423064
4423124
4423296
4423352
4423452
4423548
4423632
4423856
4423916
4423956
4424032
4424176
4424196
4424228
4424368
4424572
4424728
4424800
4424872
4424920
4425088
4425592
4425788
4425804
4425888
4426028
4426140
4426192
4426304
4426336
4426384
4426424
4426500
4426620
4426740
4427020
4427040
4427048
4427720
4428228
4428364
4428436
4428544
4428704
4428812
4428956
4429172
4429224
4429248
4429300
4429412
4429432
4429444
4429476
4429632
4429760
4429772
4429860
4429928
4429952
4429972
4430196
4430440
4430448
4430552
4430648
4430728
4430760
4430784
4430820
4431080
4431200
4431316
4431444
4431468
4431528
4431612
4431712
4431892
4431936
4431956
4432100
4432132
4432144
4432356
4432392
4432408
4432468
4432500
4432548
4432568
4432584
4432896
4433040
4433068
4433080
4433148
4433232
4433364
4433388
4433464
4433508
4433620
4433628
4433772
4433880
4433980
4434056
4434080
4434160
4434336
4434492
4434564
4434620
4434648
4434668
4434684
4434820
4434892
4434940
4434968
4434988
4435004
4435104
4435212
4435336
4435388
4435532
4435540
4435732
4436340
4436364
4436376
4436732
4436756
4437308
4437880
4438012
4438192
4438480
4438496
4438504
4438544
4438592
4438724
4438784
4438832
4440036
4440048
4440172
4440212
4440264
4440292
4440376
4440552
4440608
4440632
4440672
4440744
4440784
4440848
4440876
4440908
4440972
4441032
4441144
4441196
4441384
4441580
4441644
4441676
4441716
4441820
4442152
4442192
4442384
4442480
4442512
4442584
4442892
4443192
4443200
4443208
4443220
4443244
4443252
4443304
4443332
4443344
4443368
4443404
4443412
4443444
4443476
4443696
4443760
4443820
4443980
4444004
4444376
4444624
4444632
4444712
4444728
4444908
4444956
4445240
4445500
4445608
4445620
4445660
4446004
4446036
4446056
4446092
4446160
4446184
4446340
4446432
4446504
4446548
4446660
4446728
4446800
4446820
4446912
4447012
4447448
4447652
4447764
4447844
4448152
4448208
4448300
4448308
4448320
4448368
4448428
4448728
4449276
4449332
4449420
4449436
4449448
4449460
4449484
4449596
4449704
4449780
4449860
4450016
4450036
4450100
4450196
4450232
4450272
4450336
4450372
4450424
4450496
4450504
4450540
4450572
4450604
4450636
4450664
4450736
4450756
4450776
4450804
4450960
4451016
4451088
4451112
4451164
4451264
4451300
4451328
4451376
4451424
4451496
4451588
4451616
4451628
4451740
4451792
4451804
4451888
4451940
4451976
4452096
4452128
4452192
4452312
4452364
4452404
4452412
4452608
4452640
4452664
4452752
4452768
4452820
4453072
4453144
4453220
4453264
4453320
4453372
4453396
4453564
4453608
4453624
4453716
4453736
4453764
4453836
4453852
4453864
4453900
4453932
4453984
4453996
4454088
4454160
4454204
4454248
4454400
4454484
4454588
4454604
4454616
4454656
4454668
4454740
4454848
4454928
4454968
4454992
4455048
4455060
4455104
4455148
4455220
4455300
4455352
4455376
4455408
4455440
4455536
4455560
4455636
4455668
4455748
4455792
4455876
4455904
4456040
4456264
4456288
4456324
4456644
4456700
4456880
4457220
4457444
4457712
4458452
4458468
4458672
4458736
4459020
4459052
4459120
4459128
4459348
4459628
4459920
4459940
4460116
4460456
4460708
4460792
4461032
4461084
4461148
4461196
4461256
4461320
4461340
4461372
4461652
4461920
4461936
4461980
4462156
4462232
4462256
4462268
4462312
4462452
4462492
4462660
4462736
4462776
4462816
4462940
4462980
4463036
4463104
4463752
4463948
4464172
4464624
4464780
4464940
4465012
4465048
4465132
4465300
4465960
4466056
4466196
4466356
4466472
4466704
4466924
4466996
4467240
4467308
4467516
4467596
4467644
4467652
4467668
4467700
4467732
4467928
4467956
4468024
4468044
4468108
4468208
4468292
4468744
4468784
4468928
4469304
4469412
4469464
4469488
4469916
4469948
4469968
4469984
4470016
4470108
4470720
4470920
4470980
4471028
4471056
4471472
4471504
4471536
4471576
4471624
4471652
4471696
4471836
4471980
4472108
4472148
4472184
4472984
4473048
4473068
4473148
4473164
4473208
4473236
4473312
4473332
4473436
4473668
4473756
4473776
4473844
4473884
4473912
4473924
4474028
4474052
4474136
4474472
4474488
4474496
4475516
4475576
4475584
4475756
4475856
4476060
4476100
4476116
4476152
4476384
4476404
4476584
4476668
4476708
4476768
4476780
4476808
4476844
4476876
4476880
4476896
4476908
4476984
4477024
4477360
4477400
4477440
4477488
4477628
4477700
4477712
4477732
4477848
4477868
4477932
4477968
4478064
4478092
4478120
4478168
4478176
4478236
4478372
4478524
4478612
4478652
4478680
4478736
4478744
4478788
4478800
4478812
4478832
4478844
4478980
4479072
4479208
4479276
4479332
4479432
4479488
4479496
4479556
4479632
4479660
4479900
4479928
4480304
4480404
4480520
4480556
4480644
4480760
4480864
4480944
4480948
4481028
4481120
4481220
4481224
4481248
4481496
4481520
4481696
4481808
4481884
4481960
4481968
4482044
4482148
4482252
4482464
4482568
4482604
4482664
4482736
4482820
4482924
4482956
4482988
4483084
4483100
4483108
4483152
4483300
4483344
4483352
4483432
4483440
4483504
4483524
4483528
4483628
4483644
4483736
4483780
4483848
4483912
4484276
4484312
4485640
4485676
4485956
4486260
4486396
4486416
4486520
4486612
4486640
4486672
4486692
4486932
4487224
4487284
4487304
4487412
4487436
4487472
4487572
4487588
4487616
4487640
4487676
4487704
4487768
4487804
4487844
4487864
4487932
4488028
4488044
4488076
4488100
4488124
4488160
4488168
4488200
4488220
4488324
4488520
4488580
4488596
4488704
4488728
4488764
4488856
4488872
4488896
4488920
4489000
4489024
4489060
4489080
4489156
4489252
4489268
4489292
4489324
4489332
4489372
4489396
4489416
4489436
4489688
4489696
4489820
4489832
4489840
4490580
4490700
4490712
4490744
4490776
4490968
4490996
4491020
4491056
4491068
4491112
4491136
4491176
4491184
4491344
4491388
4491468
4491620
4491968
4491996
4492068
4492108
4492204
4492244
4492316
4492332
4492340
4492384
4492412
4492500
4492928
4492960
4493424
4493444
4493532
4493544
4493592
4493660
4493684
4493708
4493916
4494180
4494224
4494476
4494612
4494648
4494724
4494828
4494944
4495288
4495344
4495376
4495412
4495692
4495700
4495720
4495812
4495908
4495996
4496152
4496160
4496216
4496324
4496348
4496368
4496380
4496428
4496480
4496504
4496536
4496620
4496692
4496764
4496796
4496864
4496952
4496976
4497044
4497072
4497152
4497208
4497236
4497248
4497476
4497520
4497708
4497748
4497780
4497824
4497872
4497968
4498012
4498076
4498372
4498400
4498412
4498476
4498628
4498652
4498692
4498700
4498796
4498840
4498868
4498888
4498928
4498964
4498988
4498996
4499004
4499068
4499096
4499128
4499160
4499192
4499264
4499384
4499596
4499656
4500120
4500136
4500344
4500424
4500568
4500652
4500748
4501008
4501164
4501340
4501492
4501512
4501532
4501788
4501848
4501864
4501872
4501896
4501932
4501952
4501976
4501992
4502024
4502148
4502160
4502180
4502276
4502312
4502640
4502680
4502724
4502800
4502836
4502876
4502896
4502932
4502992
4503024
4503056
4503072
4503080
4503148
4503244
4503336
4503524
4503732
4503772
4503840
4503860
4504040
4504212
4504220
4504244
4504320
4505444
4505484
4505504
4505572
4505588
4505596
4505640
4505672
4505716
4505816
4505892
4505924
4506024
4506100
4506260
4506328
4506732
4506764
4506780
4506880
4507028
4507060
4507092
4507216
4507252
4507408
4507444
4507484
4507612
4507672
4507712
4507740
4507780
4507856
4508164
4508184
4508232
4508244
4508304
4508328
4508476
4508704
4508724
4508796
4508860
4508896
4509048
4509160
4509196
4509412
4509444
4509480
4509504
4509536
4509564
4509588
4509612
4509636
4509660
4509692
4509724
4509756
4509780
4509896
4509972
4510040
4510236
4510280
4510376
4510448
4510648
4510908
4510932
4510952
4510976
4511100
4511148
4511192
4511268
4511356
4511652
4511792
4511816
4511832
4511940
4512008
4512072
4512160
4512272
4512392
4512500
4512580
4512640
4512652
4512716
4512768
4512860
4512944
4512948
4513052
4513192
4513440
4513640
4514200
4514284
4516036
4516056
4516172
4516200
4516288
4516668
4516712
4516756
4517100
4517232
4517424
4517444
4517476
4517524
4517544
4517632
4517652
4518160
4518352
4518456
4519208
4519228
4520324
4520520
4520792
4520880
4520924
4521176
4521204
4521320
4521700
4521728
4521880
4521940
4522004
4522040
4522104
4522164
4522204
4522240
4522252
4522312
4522496
4522588
4522668
4522752
4522780
4523076
4523092
4523116
4523144
4523156
4523292
4523308
4523332
4523348
4523456
4523472
4523492
4523576
4523592
4523688
4523704
4523728
4523748
4523764
4523844
4523852
4523928
4524020
4524036
4524052
4524072
4524088
4524100
4524220
4524228
4524252
4524264
4524452
4524496
4524604
4524740
4524812
4524908
4525288
4525316
4525496
4525632
4525716
4525740
4525764
4525868
4525944
4525964
4526072
4526092
4526100
4526236
4526256
4526276
4526292
4526312
4526332
4526484
4526516
4526580
4526588
4526828
4526896
4526916
4527032
4527040
4527568
4527588
4527652
4527676
4527696
4527720
4527856
4527876
4528028
4528040
4528068
4528184
4528408
4528540
4528560
4528580
4528600
4528628
4528724
4528836
4528940
4528960
4528996
4529020
4529068
4529288
4529456
4529560
4529636
4529692
4529732
4529752
4529828
4530100
4530328
4530652
4530664
4530704
4530796
4530928
4530992
4531012
4531068
4531172
4531304
4531680
4531752
4531776
4531804
4531824
4531948
4532016
4532036
4532056
4532076
4532096
4532116
4532300
4532316
4532328
4532480
4532560
4532580
4532676
4532752
4532760
4532768
4532808
4532832
4532864
4532916
4532928
4532940
4533000
4533040
4533076
4533096
4533112
4533140
4533160
4533184
4533248
4533376
4533388
4533424
4533448
4533456
4533500
4533512
4533556
4533580
4533584
4533608
4533624
4533772
4533824
4533936
4533968
4533996
4534008
4534032
4534044
4534056
4534148
4534196
4534244
4534292
4534340
4534388
4534436
4534484
4534532
4534580
4534628
4534676
4534708
4534784
4534812
4534820
4534844
4534892
4534924
4534932
4534988
4535008
4535032
4535100
4535188
4535268
4535348
4535440
4535500
4535536
4535588
4621280
4622232
4622268
4622308
4622668
4623164
4623208
4623324
4623596
4623620
4624364
4624396
4624628
4624864
4624924
4624956
4625040
4626692
4627040
4627052
4627280
4627364
4627444
4627588
4627876
4628328
4631028
4631264
4631380
4631624
4631812
4631836
4632208
4632268
4632576
4632808
4632904
4633652
4633988
4634056
4634300
4634488
4634764
4635116
4635152
4635164
4639704
4639836
4639924
4639968
4640008
4640044
4640108
4640176
4640220
4640260
4640308
4640312
4640380
4640384
4640452
4640520
4640680
4640772
4640776
4640840
4640848
4641116
4641288
4641312
4641468
4641844
4641856
4641924
4641944
4642020
4642024
4642092
4642144
4642148
4642252
4642388
4642412
4642560
4642564
4642640
4642656
4642660
4642712
4642796
4642804
4642824
4642828
4642852
4642856
4643008
4643088
4643092
4643160
4643224
4643284
4643368
4643444
4643496
4643520
4643576
4643584
4643744
4643752
4643816
4643848
4643852
4643880
4643884
4643920
4643980
4644000
4644040
4644200
4644316
4644364
4644476
4644516
4644552
4644652
4644708
4644788
4644836
4644840
4644880
4644924
4644928
4644964
4645016
4645024
4645076
4645084
4645164
4645224
4645328
4645384
4645516
4645612
4645652
4645660
4645712
4645752
4645800
4645804
4645848
4645852
4646032
4646072
4646120
4646220
4646252
4646260
4646332
4646392
4646416
4646456
4646464
4646512
4646612
4646648
4646688
4646760
4646768
4646868
4646904
4646940
4646996
4647004
4647040
4647044
4647116
4647172
4647200
4647208
4647224
4647256
4647296
4647352
4647396
4647440
4647452
4647520
4647528
4647592
4647600
4647728
4647848
4647908
4647968
4648016
4648104
4648152
4648260
4648268
4648312
4648404
4648692
4648732
4648808
4648848
4648852
4648920
4649080
4649140
4649292
4649544
4649648
4649680
4649684
4649768
4649776
4649828
4649852
4649856
4649928
4649936
4650060
4650620
4650628
4650648
4650656
4650664
4650732
4650788
4650888
4650892
4650948
4650956
4651020
4651024
4651152
4651224
4651232
4651252
4651256
4651432
4651496
4651500
4651596
4651632
4651636
4651764
4651952
4652004
4652012
4652068
4652072
4652128
4652136
4652152
4652208
4652276
4652340
4652372
4652376
4652420
4652452
4652480
4652576
4652600
4652720
4652756
4652776
4652812
4652924
4652972
4653008
4653012
4653068
4653092
4653096
4653144
4653212
4653260
4653308
4653316
4653384
4653388
4653596
4653656
4653820
4653876
4654068
4654124
4654256
4654272
4654348
4654352
4655032
4655036
4655116
4655180
4655264
4655312
4655360
4655400
4655468
4655472
4655560
4655580
4655588
4655760
4655804
4655868
4656564
4656620
4656676
4656752
4656852
4656856
4656892
4657084
4657092
4657168
4657276
4657312
4657452
4657540
4657636
4657668
4657672
4657772
4657932
4658024
4658112
4658152
4658156
4658420
4658528
4658656
4658660
4658708
4658776
4658784
4658904
4658992
4659036
4659104
4659288
4659356
4659440
4659532
4659652
4659712
4659720
4659828
4660036
4660244
4660312
4660316
4660400
4660652
4660716
4660732
4660792
4660824
4660832
4660872
4660936
4660952
4661012
4661044
4661052
4661088
4661128
4661132
4661160
4661180
4661196
4661248
4661340
4661420
4661440
4661444
4661456
4661476
4661496
4661532
4661556
4661568
4661616
4661648
4661652
4661676
4661680
4661736
4661940
4662076
4662084
4662176
4662184
4662204
4662208
4662260
4662284
4662288
4662388
4662424
4662492
4662500
4662580
4662588
4662712
4662720
4662824
4662900
4663172
4663228
4663280
4663340
4663396
4663520
4663652
4663844
4663916
4663932
4663936
4663988
4664096
4664204
4664212
4664256
4664260
4664320
4664532
4664548
4664584
4664668
4664808
4664900
4664960
4665140
4665296
4665360
4665416
4665468
4665520
4665552
4665556
4665636
4665736
4665740
4665772
4665780
4665860
4665864
4665944
4666024
4666148
4666196
4666204
4666296
4666336
4666388
4666396
4666432
4666436
4666644
4666688
4666724
4666768
4666804
4666812
4666856
4666896
4666956
4667116
4667188
4667296
4667300
4667408
4667412
4667444
4667448
4667520
4667536
4667588
4667596
4667652
4667672
4667896
4667916
4667920
4667936
4667996
4668044
4668096
4668124
4668260
4668308
4668384
4668692
4668788
4668792
4668832
4668840
4668876
4668908
4668948
4669008
4669016
4669080
4669084
4669152
4669160
4669224
4669284
4669292
4669352
4669440
4669492
4669516
4669576
4669760
4669768
4669820
4669828
4670068
4670120
4670128
4670328
4670364
4670456
4670520
4670620
4670768
4670972
4671104
4671176
4671216
4671220
4671308
4671316
4671388
4671392
4671464
4671508
4671556
4671884
4671892
4671948
4672120
4672312
4672372
4672492
4672548
4672800
4672860
4672896
4672936
4673160
4673172
4673248
4673352
4673364
4673444
4673452
4673504
4673600
4673608
4673660
4673952
4673972
4674008
4674100
4674120
4674468
4674588
4674852
4674964
4674968
4675140
4675148
4675220
4675276
4675348
4675440
4675448
4675560
4675624
4675628
4675744
4675748
4675812
4675852
4675860
4676144
4676224
4676292
4676392
4676468
4676476
4676520
4676528
4676584
4676596
4676684
4676688
4676708
4676748
4676852
4677144
4677272
4677524
4677532
4677592
4677604
4677652
4677656
4677716
4677788
4677792
4677836
4677900
4677904
4677980
4677984
4678536
4678848
4678996
4679000
4679136
4679144
4679232
4679240
4679348
4679432
4679480
4679492
4679588
4679596
4679636
4679656
4679684
4679688
4679728
4679764
4679784
4679940
4679944
4679980
4680072
4680108
4680112
4680148
4680240
4680380
4680492
4680796
4680852
4680856
4680872
4680944
676
688
200
1376
1988
3188
5192
5692
5716
5756